415
174 173 233 
104 84 103 
84 104 85 
174 106 173 
29 28 87 
9 10 8 
173 232 233 
84 83 103 
231 171 230 
171 104 103 
106 107 87 
107 106 174 
28 86 87 
86 106 87 
104 105 85 
105 86 85 
86 105 106 
106 105 173 
224 225 166 
164 222 223 
221 222 163 
222 164 163 
6 7 8 
7 6 24 
227 168 226 
229 169 228 
169 227 228 
227 169 168 
167 168 101 
100 167 101 
168 167 226 
167 100 166 
167 225 226 
225 167 166 
100 99 166 
81 99 100 
6 81 24 
112 180 132 
111 112 54 
112 111 180 
186 187 132 
187 188 133 
132 187 133 
185 180 184 
180 185 132 
185 186 132 
113 112 132 
26 84 85 
26 9 8 
26 83 84 
10 27 28 
9 27 10 
86 27 85 
27 86 28 
27 26 85 
26 27 9 
234 174 233 
176 235 181 
81 82 24 
82 100 101 
82 81 100 
172 171 231 
232 172 231 
172 232 173 
105 172 173 
171 172 104 
172 105 104 
107 88 87 
89 88 109 
88 29 87 
29 88 30 
88 89 30 
210 153 209 
209 152 151 
153 152 209 
162 220 221 
162 221 163 
52 78 79 
95 77 76 
77 50 76 
224 165 223 
165 164 223 
165 224 166 
99 165 166 
214 215 157 
91 74 73 
155 154 212 
210 154 153 
213 155 212 
39 20 19 
3 50 4 
6 3 4 
3 6 8 
10 3 8 
23 3 10 
3 49 50 
170 169 229 
170 171 103 
170 229 230 
171 170 230 
168 102 101 
169 102 168 
102 82 101 
82 102 83 
83 102 103 
102 170 103 
170 102 169 
81 80 99 
134 189 190 
188 189 133 
189 134 133 
134 115 133 
136 190 191 
110 89 109 
178 110 109 
110 111 54 
180 179 184 
111 179 180 
110 179 111 
179 110 178 
55 113 56 
112 55 54 
113 55 112 
89 31 30 
31 110 54 
110 31 89 
26 25 83 
82 25 24 
25 82 83 
25 26 8 
7 25 8 
25 7 24 
177 176 181 
177 178 109 
182 177 181 
177 182 178 
176 175 235 
175 234 235 
234 175 174 
175 107 174 
108 88 107 
175 108 107 
108 175 176 
88 108 109 
108 177 109 
177 108 176 
208 209 151 
207 208 151 
129 69 128 
149 148 205 
69 68 128 
68 69 44 
20 22 23 
65 40 64 
40 65 41 
20 40 41 
40 20 39 
141 122 121 
122 62 121 
78 97 79 
164 97 163 
220 161 219 
162 161 220 
161 160 219 
160 161 95 
160 218 219 
217 218 160 
158 215 216 
215 158 157 
94 160 95 
94 95 76 
93 94 76 
92 91 157 
91 92 74 
158 92 157 
92 158 93 
53 52 79 
80 53 79 
53 81 6 
53 80 81 
5 6 4 
52 5 4 
5 53 6 
53 5 52 
51 52 4 
50 51 4 
77 51 50 
52 51 78 
51 77 78 
165 98 164 
98 165 99 
97 98 79 
98 97 164 
98 80 79 
80 98 99 
154 211 212 
211 154 210 
156 213 214 
156 214 157 
213 156 155 
91 156 157 
124 65 64 
65 124 125 
65 66 41 
66 65 125 
126 66 125 
66 126 67 
0 3 23 
2 49 3 
2 0 1 
0 2 3 
74 48 73 
49 48 74 
48 2 1 
2 48 49 
75 49 74 
92 75 74 
75 92 93 
75 93 76 
50 75 76 
49 75 50 
115 114 133 
114 132 133 
114 113 132 
113 114 56 
57 34 56 
114 57 56 
57 114 115 
135 134 190 
136 135 190 
135 115 134 
179 183 184 
182 183 178 
183 179 178 
194 195 139 
192 136 191 
194 138 193 
138 194 139 
117 59 58 
59 117 118 
55 32 54 
32 31 54 
31 12 30 
59 35 58 
35 59 36 
35 57 58 
57 35 34 
131 152 153 
154 131 153 
156 90 155 
90 156 91 
90 154 155 
90 91 73 
72 90 73 
90 131 154 
131 90 72 
148 204 205 
146 126 125 
206 149 205 
150 207 151 
129 150 151 
150 206 207 
206 150 149 
150 129 128 
149 150 128 
126 127 67 
127 149 128 
149 127 148 
68 127 128 
127 68 67 
21 20 41 
21 22 20 
195 140 139 
140 141 121 
199 200 144 
142 122 141 
142 197 198 
197 142 141 
122 63 62 
62 63 39 
40 63 64 
63 40 39 
96 77 95 
96 162 163 
97 96 163 
77 96 78 
96 97 78 
161 96 95 
96 161 162 
158 159 93 
94 159 160 
159 94 93 
159 217 160 
217 159 216 
159 158 216 
66 42 41 
42 21 41 
21 42 22 
42 66 67 
135 116 115 
57 116 58 
116 57 115 
116 117 58 
116 135 136 
117 116 136 
137 192 193 
138 137 193 
192 137 136 
137 138 118 
117 137 118 
137 117 136 
33 32 55 
33 55 56 
34 33 56 
33 34 14 
32 33 14 
32 13 31 
13 12 31 
13 32 14 
12 13 10 
11 12 10 
11 10 28 
29 11 28 
11 29 30 
12 11 30 
17 16 36 
16 35 36 
131 130 152 
152 130 151 
130 129 151 
146 202 203 
145 200 201 
200 145 144 
202 145 201 
145 202 146 
145 146 125 
124 145 125 
145 124 144 
147 146 203 
146 147 126 
204 147 203 
147 204 148 
127 147 148 
147 127 126 
196 197 141 
196 140 195 
140 196 141 
62 120 121 
61 120 62 
120 140 121 
140 120 139 
119 138 139 
138 119 118 
120 119 139 
119 120 61 
59 60 36 
60 59 118 
119 60 118 
60 119 61 
20 18 19 
18 20 23 
38 62 39 
38 61 62 
38 39 19 
18 38 19 
142 143 122 
143 199 144 
199 143 198 
143 142 198 
43 42 67 
43 68 44 
68 43 67 
42 43 22 
23 43 44 
22 43 23 
71 131 72 
46 71 72 
47 46 72 
47 72 73 
48 47 73 
47 48 1 
0 47 1 
46 47 0 
15 16 17 
15 13 14 
34 15 14 
13 15 10 
35 15 34 
16 15 35 
15 23 10 
15 18 23 
18 15 17 
37 60 61 
38 37 61 
37 38 18 
60 37 36 
37 17 36 
37 18 17 
124 123 144 
123 143 144 
143 123 122 
123 124 64 
63 123 64 
123 63 122 
70 130 131 
71 70 131 
129 70 69 
130 70 129 
70 71 46 
69 45 44 
70 45 69 
45 70 46 
45 23 44 
45 0 23 
45 46 0 
