483
199 132 198 
257 199 198 
133 199 200 
199 133 132 
132 131 198 
131 112 130 
202 201 260 
201 259 260 
259 201 200 
10 22 23 
110 84 109 
84 83 109 
83 108 109 
108 83 82 
37 83 84 
269 215 210 
229 174 173 
177 176 232 
176 231 232 
231 176 175 
176 156 175 
156 176 177 
54 75 55 
256 257 198 
258 259 200 
258 199 257 
199 258 200 
195 194 253 
254 195 253 
197 131 130 
131 197 198 
256 197 255 
197 256 198 
263 264 204 
261 202 260 
263 203 262 
203 263 204 
203 261 262 
261 203 202 
135 201 202 
134 133 200 
201 134 200 
135 134 201 
134 135 116 
143 144 123 
117 59 116 
265 205 264 
264 205 204 
13 26 27 
244 187 243 
244 188 187 
10 21 22 
37 21 20 
9 2 8 
9 21 10 
21 9 20 
4 5 0 
4 13 5 
107 108 82 
124 107 106 
84 111 85 
110 111 84 
111 112 85 
112 111 130 
38 84 85 
38 37 84 
21 38 22 
38 21 37 
146 214 166 
220 221 166 
221 222 167 
166 221 167 
219 214 218 
214 219 166 
219 220 166 
69 93 70 
174 154 173 
170 224 225 
209 269 210 
26 45 27 
64 122 123 
122 143 123 
143 212 144 
5 16 0 
228 229 173 
230 231 175 
230 174 229 
174 230 175 
235 236 179 
233 177 232 
233 178 177 
32 16 31 
32 53 54 
127 110 109 
129 195 130 
129 194 195 
111 129 130 
129 111 110 
196 254 255 
197 196 255 
254 196 195 
195 196 130 
196 197 130 
22 40 23 
113 131 132 
131 113 112 
207 140 139 
140 120 139 
207 266 267 
119 138 139 
120 119 139 
205 137 204 
137 205 138 
206 205 265 
266 206 265 
206 266 207 
206 207 139 
138 206 139 
205 206 138 
13 14 5 
29 14 28 
28 14 27 
14 13 27 
12 25 26 
13 12 26 
4 12 13 
188 245 246 
245 188 244 
188 165 187 
165 124 106 
165 188 124 
241 185 184 
190 247 248 
189 188 246 
247 189 246 
189 247 190 
188 189 124 
189 190 124 
190 125 124 
125 107 124 
107 125 108 
3 4 0 
2 3 0 
9 3 2 
3 9 10 
35 81 82 
81 80 106 
107 81 106 
81 107 82 
36 37 20 
35 36 20 
36 83 37 
83 36 82 
36 35 82 
19 35 20 
9 19 20 
19 9 8 
57 17 56 
168 223 224 
222 223 167 
223 168 167 
146 145 214 
144 145 88 
145 146 88 
92 93 69 
94 93 152 
93 94 70 
155 174 175 
155 154 174 
156 155 175 
226 170 225 
93 151 152 
170 151 150 
151 92 150 
92 151 93 
169 168 224 
170 169 224 
169 170 150 
209 268 269 
46 45 64 
46 28 27 
45 46 27 
63 122 64 
63 45 62 
45 63 64 
122 142 143 
142 122 141 
142 209 210 
209 142 141 
122 121 141 
121 140 141 
140 121 120 
120 121 62 
121 63 62 
63 121 122 
214 213 218 
145 213 214 
212 213 144 
213 145 144 
211 212 143 
215 211 210 
216 211 215 
211 216 212 
211 142 210 
142 211 143 
149 169 150 
169 149 168 
168 149 167 
147 146 166 
16 30 31 
240 241 184 
79 78 103 
78 79 57 
77 57 56 
77 78 57 
101 160 161 
178 157 177 
157 156 177 
156 157 97 
157 98 97 
54 74 75 
98 74 97 
233 234 178 
234 235 179 
178 234 179 
33 54 55 
33 32 54 
33 55 56 
17 33 56 
32 33 16 
52 53 32 
51 52 31 
52 32 31 
53 52 72 
194 252 253 
251 252 194 
193 251 194 
251 193 250 
191 190 248 
191 125 190 
129 128 194 
128 193 194 
193 128 127 
127 128 110 
128 129 110 
38 39 22 
39 40 22 
40 39 87 
40 41 23 
41 59 42 
117 60 59 
59 60 42 
136 137 117 
136 203 204 
137 136 204 
203 136 202 
136 135 202 
135 136 116 
136 117 116 
137 118 117 
118 60 117 
60 118 119 
119 118 138 
118 137 138 
12 24 25 
25 24 42 
41 24 23 
24 41 42 
80 105 106 
105 165 106 
185 242 243 
242 185 241 
185 186 164 
165 186 187 
186 165 164 
187 186 243 
186 185 243 
11 12 4 
3 11 4 
11 3 10 
11 10 23 
24 11 23 
11 24 12 
34 79 80 
79 34 57 
19 34 35 
81 34 80 
34 81 35 
52 71 72 
94 71 70 
71 51 70 
71 52 51 
153 94 152 
154 153 173 
96 156 97 
96 155 156 
155 96 154 
171 226 227 
226 171 170 
151 171 152 
171 151 170 
268 208 267 
208 207 267 
208 268 209 
208 140 207 
208 209 141 
140 208 141 
65 46 64 
65 64 123 
66 65 88 
65 144 88 
144 65 123 
46 47 28 
47 66 48 
47 65 66 
65 47 46 
29 47 48 
47 29 28 
213 217 218 
216 217 212 
217 213 212 
66 67 48 
67 68 48 
68 67 90 
91 68 90 
91 92 69 
68 91 69 
92 91 150 
91 149 150 
148 166 167 
148 147 166 
149 148 167 
147 148 90 
148 91 90 
91 148 149 
50 51 31 
30 50 31 
50 69 70 
51 50 70 
15 30 16 
30 15 29 
15 14 29 
15 16 5 
14 15 5 
162 163 103 
163 162 184 
185 163 184 
163 185 164 
240 183 239 
183 162 161 
183 240 184 
162 183 184 
76 101 77 
75 76 55 
55 76 56 
76 77 56 
162 102 161 
102 101 161 
102 162 103 
78 102 103 
77 102 78 
101 102 77 
180 236 237 
236 180 179 
74 99 75 
99 74 98 
53 73 54 
73 74 54 
74 73 97 
73 53 72 
73 96 97 
96 73 72 
16 1 0 
1 2 0 
249 191 248 
193 192 250 
192 249 250 
249 192 191 
192 193 127 
39 86 87 
112 86 85 
86 38 85 
86 39 38 
113 86 112 
86 113 87 
59 58 116 
41 58 59 
58 41 40 
43 25 42 
60 43 42 
165 104 164 
105 104 165 
163 104 103 
104 163 164 
104 79 103 
79 104 80 
104 105 80 
18 17 57 
34 18 57 
18 34 19 
18 19 8 
95 153 154 
153 95 94 
95 71 94 
71 95 72 
95 96 72 
96 95 154 
172 171 227 
153 172 173 
172 153 152 
171 172 152 
228 172 227 
172 228 173 
89 66 88 
89 67 66 
67 89 90 
89 147 90 
146 89 88 
147 89 146 
49 68 69 
50 49 69 
68 49 48 
49 50 30 
49 29 48 
49 30 29 
183 182 239 
182 183 161 
182 238 239 
181 180 237 
180 181 160 
238 181 237 
182 181 238 
160 181 161 
181 182 161 
180 159 179 
159 180 160 
100 76 75 
99 100 75 
76 100 101 
159 100 99 
100 160 101 
100 159 160 
6 33 17 
33 6 16 
6 1 16 
126 192 127 
192 126 191 
108 126 109 
126 127 109 
125 126 108 
191 126 125 
58 115 116 
115 134 116 
115 40 87 
115 58 40 
134 115 133 
25 44 26 
43 44 25 
44 45 26 
45 44 62 
61 60 119 
61 43 60 
61 120 62 
61 119 120 
44 61 62 
61 44 43 
7 18 8 
18 7 17 
7 6 17 
6 7 1 
2 7 8 
1 7 2 
158 178 179 
159 158 179 
158 159 99 
158 157 178 
157 158 98 
158 99 98 
115 114 133 
133 114 132 
114 113 132 
113 114 87 
114 115 87 
